374.953,202.669,760,428
132822480191800920,594.617,594.752,0.993713,-0.007893,0.111704,-0.271791,-0.00461367,0.993781,0.111276,0.122749,-0.111887,-0.111091,0.987495,-0.40368,0,0,0,1
132822480193466907,594.617,594.752,0.994031,-0.0162906,0.107902,-0.27635,0.00565612,0.995158,0.098153,0.124315,-0.108978,-0.0969553,0.989307,-0.400358,0,0,0,1
132822480193800104,594.617,594.752,0.994003,-0.016689,0.1081,-0.276628,0.00600526,0.995128,0.0984277,0.124151,-0.109215,-0.0971868,0.989259,-0.400079,0,0,0,1
132822480194133301,594.617,594.752,0.994112,-0.0161796,0.107172,-0.276787,0.00561056,0.995152,0.0982091,0.124072,-0.108241,-0.097028,0.989382,-0.39983,0,0,0,1
132822480194466498,594.617,594.752,0.994118,-0.0157894,0.107171,-0.277113,0.00544417,0.995353,0.0961589,0.124211,-0.108191,-0.0950086,0.989583,-0.399602,0,0,0,1
132822480194799696,594.617,594.752,0.99397,-0.0153943,0.108592,-0.277647,0.00509411,0.995513,0.0945142,0.124377,-0.109559,-0.0933897,0.989587,-0.399308,0,0,0,1
132822480195466091,594.617,594.752,0.99373,-0.0163761,0.110632,-0.278828,0.00594783,0.995561,0.0939556,0.124379,-0.111679,-0.092707,0.989414,-0.39912,0,0,0,1
132822480196132485,594.617,594.752,0.993866,-0.0179957,0.109141,-0.280041,0.00756282,0.995425,0.0952773,0.124511,-0.110356,-0.093866,0.989453,-0.398918,0,0,0,1
132822480196465681,594.617,594.752,0.9939,-0.0187504,0.108705,-0.281042,0.00836161,0.995419,0.0952618,0.124745,-0.109992,-0.0937703,0.989502,-0.398647,0,0,0,1
132822480197132077,594.617,594.752,0.994047,-0.0186963,0.107357,-0.283505,0.00836641,0.995359,0.0958914,0.124533,-0.108651,-0.094421,0.989589,-0.397657,0,0,0,1
132822480197465274,594.617,594.752,0.994226,-0.0178869,0.105833,-0.285016,0.00752378,0.995207,0.097531,0.123993,-0.10707,-0.0961708,0.989593,-0.396868,0,0,0,1
132822480197798471,594.617,594.752,0.994592,-0.0169212,0.102506,-0.286606,0.00669888,0.995041,0.0992685,0.123331,-0.103676,-0.0980442,0.989771,-0.395855,0,0,0,1
132822480198464866,594.617,594.752,0.995302,-0.0171503,0.0953306,-0.290497,0.00749552,0.994889,0.100736,0.122158,-0.0965705,-0.0995473,0.990339,-0.393102,0,0,0,1
132822480198798063,594.617,594.752,0.995555,-0.0176722,0.0925413,-0.292713,0.00832063,0.994907,0.10049,0.121483,-0.0938452,-0.0992725,0.990629,-0.391532,0,0,0,1
132822480199131260,594.617,594.752,0.99576,-0.0177358,0.090298,-0.294797,0.00862899,0.994926,0.10027,0.120784,-0.0916174,-0.0990648,0.990858,-0.389901,0,0,0,1
132822480199464458,594.617,594.752,0.995971,-0.0173397,0.0880213,-0.296752,0.00838649,0.994845,0.101098,0.120088,-0.0893198,-0.0999513,0.990979,-0.388153,0,0,0,1
132822480199797655,594.617,594.752,0.996219,-0.0168019,0.0852738,-0.298469,0.00802949,0.994734,0.102205,0.119475,-0.0865412,-0.101133,0.991106,-0.386434,0,0,0,1
132822480200464050,594.617,594.752,0.996714,-0.0135302,0.0799073,-0.301394,0.00523213,0.994653,0.103172,0.11876,-0.0808752,-0.102414,0.991453,-0.382666,0,0,0,1
132822480201796839,594.617,594.752,0.997253,-0.00697157,0.0737929,-0.30759,-0.000346273,0.99512,0.0987094,0.11833,-0.0741203,-0.0984628,0.99238,-0.375972,0,0,0,1
132822480202463233,594.617,594.752,0.997366,-0.00614974,0.0723246,-0.311098,-0.000889808,0.995296,0.0969138,0.118072,-0.07258,-0.0967217,0.992666,-0.373539,0,0,0,1
132822480202796430,594.617,594.752,0.997396,-0.00612214,0.0719058,-0.312777,-0.000846267,0.995337,0.0964949,0.117916,-0.0721606,-0.0963036,0.992737,-0.372591,0,0,0,1
132822480203129628,594.617,594.752,0.997423,-0.00589132,0.0715565,-0.314301,-0.00105587,0.995318,0.0966791,0.11775,-0.0717907,-0.0965043,0.992744,-0.371836,0,0,0,1
132822480203462825,594.617,594.752,0.997448,-0.00537983,0.0712375,-0.315612,-0.00154567,0.995304,0.0968229,0.117612,-0.0714232,-0.096685,0.992753,-0.371267,0,0,0,1
132822480203796022,594.617,594.752,0.997524,-0.00490946,0.0701995,-0.316686,-0.00191063,0.995308,0.0967712,0.117471,-0.0703446,-0.0966647,0.992832,-0.370857,0,0,0,1
132822480204129219,594.617,594.752,0.99763,-0.00461319,0.0687084,-0.317566,-0.00206318,0.995305,0.0968012,0.117336,-0.068832,-0.0967122,0.992933,-0.37056,0,0,0,1
132822480204462417,594.617,594.752,0.997695,-0.0043169,0.0677717,-0.31839,-0.00228304,0.995283,0.0970206,0.117228,-0.0678704,-0.0969507,0.992976,-0.370323,0,0,0,1
132822480204795614,594.617,594.752,0.997715,-0.00391668,0.067508,-0.31913,-0.00263539,0.995313,0.0967102,0.117156,-0.0675698,-0.0966661,0.993024,-0.370142,0,0,0,1
132822480205128811,594.617,594.752,0.997731,-0.00378048,0.0672693,-0.319771,-0.00270912,0.995368,0.0961366,0.117059,-0.0673204,-0.0960996,0.993096,-0.369913,0,0,0,1
132822480206461600,594.617,594.752,0.997896,-0.00412461,0.0647566,-0.321256,-0.00179946,0.995836,0.0911754,0.11755,-0.0648624,-0.091099,0.993731,-0.369199,0,0,0,1
132822480206794797,594.617,594.752,0.997922,-0.00401884,0.0643636,-0.32145,-0.00172281,0.996041,0.0889208,0.117849,-0.0644655,-0.0888456,0.993961,-0.369077,0,0,0,1
132822480207127995,594.617,594.752,0.997962,-0.00421235,0.0637241,-0.321574,-0.00127319,0.996314,0.0858149,0.118322,-0.0638501,-0.0857202,0.994275,-0.368848,0,0,0,1
132822480207461191,594.617,594.752,0.998033,-0.00462022,0.0625782,-0.321606,-0.000468522,0.996711,0.081078,0.119051,-0.0627463,-0.0809469,0.994745,-0.368446,0,0,0,1
132822480207794389,594.617,594.752,0.9981,-0.00537911,0.061424,-0.32161,0.000767916,0.997197,0.0748651,0.11993,-0.061654,-0.074675,0.995304,-0.368019,0,0,0,1
132822480208127587,594.617,594.752,0.998137,-0.00580093,0.0607998,-0.321629,0.00155205,0.99757,0.0697135,0.120711,-0.0610558,-0.0694886,0.995716,-0.367532,0,0,0,1
132822480208460784,594.617,594.752,0.998199,-0.00599423,0.0597461,-0.321535,0.00209552,0.997879,0.0651222,0.121397,-0.0600094,-0.0648786,0.996091,-0.367096,0,0,0,1
132822480209460376,594.617,594.752,0.998335,-0.00608915,0.0574237,-0.321324,0.00313148,0.998673,0.0514735,0.123244,-0.0576603,-0.0512071,0.997026,-0.36601,0,0,0,1
132822480209793573,594.617,594.752,0.998318,-0.006414,0.0576792,-0.321439,0.00366065,0.998857,0.0477334,0.123733,-0.0579186,-0.0474409,0.997197,-0.365828,0,0,0,1
132822480210126770,594.617,594.752,0.998228,-0.00699106,0.0591533,-0.32173,0.00433525,0.998985,0.044923,0.124095,-0.0594069,-0.0445864,0.997241,-0.365746,0,0,0,1
132822480210459967,594.617,594.752,0.998101,-0.00765517,0.0611825,-0.322139,0.00501767,0.999059,0.0431632,0.124366,-0.0614545,-0.0427736,0.997197,-0.36572,0,0,0,1
132822480211126362,594.617,594.752,0.997981,-0.00942129,0.0628708,-0.322753,0.00685149,0.99914,0.0409817,0.12466,-0.0632021,-0.0404673,0.997184,-0.366108,0,0,0,1
132822480211459559,594.617,594.752,0.998012,-0.0101575,0.0622559,-0.32291,0.00763965,0.999151,0.0405667,0.124672,-0.0626143,-0.0400096,0.997239,-0.366524,0,0,0,1
132822480211792756,594.617,594.752,0.998051,-0.0108297,0.0615198,-0.323079,0.00834924,0.99915,0.040454,0.124636,-0.061905,-0.0398608,0.99729,-0.366997,0,0,0,1
132822480212125954,594.617,594.752,0.998064,-0.0114358,0.0611862,-0.323336,0.00897488,0.999149,0.0403633,0.124606,-0.0615949,-0.0397352,0.997313,-0.367536,0,0,0,1
132822480212792348,594.617,594.752,0.997981,-0.0123592,0.0623566,-0.324253,0.00988683,0.999162,0.0398209,0.124712,-0.0627958,-0.0391231,0.997263,-0.368536,0,0,0,1
132822480213125545,594.617,594.752,0.997897,-0.0129624,0.0635554,-0.324878,0.0104655,0.999169,0.0394796,0.124739,-0.0640136,-0.0387306,0.997201,-0.369002,0,0,0,1
132822480213458743,594.617,594.752,0.997803,-0.0135051,0.0649226,-0.325536,0.0109443,0.999157,0.0396535,0.124673,-0.0654026,-0.0388553,0.997106,-0.36948,0,0,0,1
132822480213791940,594.617,594.752,0.997693,-0.0140987,0.0664595,-0.326259,0.0114815,0.999152,0.0396154,0.124606,-0.0669611,-0.0387601,0.997006,-0.369974,0,0,0,1
132822480214125137,594.617,594.752,0.997562,-0.0147976,0.0682427,-0.327102,0.0121168,0.999147,0.039547,0.124523,-0.0687687,-0.0386227,0.996888,-0.370506,0,0,0,1
132822480214458334,594.617,594.752,0.997394,-0.0154898,0.070521,-0.328079,0.0127273,0.999143,0.0394673,0.124496,-0.0710711,-0.0384662,0.996733,-0.370996,0,0,0,1
132822480214791532,594.617,594.752,0.997187,-0.0160608,0.0732642,-0.329126,0.0131707,0.999126,0.0397764,0.124452,-0.0738384,-0.0386989,0.996523,-0.3715,0,0,0,1
132822480215124729,594.617,594.752,0.996961,-0.0166999,0.0761413,-0.330219,0.0136485,0.999092,0.0404355,0.124356,-0.0767468,-0.0392725,0.99628,-0.371964,0,0,0,1
132822480215457926,594.617,594.752,0.996762,-0.0170344,0.0786285,-0.331278,0.0138506,0.999072,0.0408725,0.12425,-0.0792512,-0.0396505,0.99607,-0.372393,0,0,0,1
132822480216124320,594.617,594.752,0.99638,-0.0177748,0.083169,-0.33323,0.0144085,0.999062,0.0409132,0.124253,-0.0838174,-0.0395662,0.995699,-0.372974,0,0,0,1
132822480217123913,594.617,594.752,0.99608,-0.017776,0.0866851,-0.335293,0.0143726,0.99911,0.0397418,0.12446,-0.0873136,-0.0383392,0.995447,-0.373226,0,0,0,1
132822480218123504,594.617,594.752,0.996314,-0.0167396,0.0841674,-0.335489,0.0132267,0.999028,0.0421352,0.124131,-0.0847902,-0.040866,0.995564,-0.373071,0,0,0,1
132822480218789898,594.617,594.752,0.996864,-0.0127414,0.0781471,-0.335171,0.00907204,0.99885,0.0471394,0.122543,-0.0786581,-0.0462821,0.99583,-0.371093,0,0,0,1
132822480219123096,594.617,594.752,0.997075,-0.0106866,0.075724,-0.335534,0.00719392,0.998906,0.046259,0.122818,-0.0761357,-0.0455783,0.996058,-0.370935,0,0,0,1
132822480219789490,594.617,594.752,0.997157,-0.00939563,0.0748073,-0.337428,0.00611088,0.999014,0.0440299,0.12338,-0.0751473,-0.0434473,0.996228,-0.370538,0,0,0,1
132822480220122688,594.617,594.752,0.997053,-0.0102477,0.0760699,-0.338703,0.00686407,0.998983,0.044622,0.123443,-0.0764497,-0.043968,0.996107,-0.370332,0,0,0,1
132822480220455885,594.617,594.752,0.996899,-0.012192,0.077785,-0.339948,0.00874656,0.998974,0.0444928,0.124487,-0.0782477,-0.0436741,0.99598,-0.371459,0,0,0,1
132822480220789081,594.617,594.752,0.996838,-0.0139503,0.0782749,-0.340899,0.0104228,0.998921,0.0453065,0.124263,-0.0788227,-0.0443469,0.995905,-0.371117,0,0,0,1
132822480221122279,594.617,594.752,0.996876,-0.0146352,0.077661,-0.341502,0.0110263,0.99885,0.0467098,0.123984,-0.0782556,-0.045707,0.995888,-0.370762,0,0,0,1
132822480221455477,594.617,594.752,0.996995,-0.0142268,0.0761873,-0.341842,0.0106068,0.998807,0.0477197,0.123787,-0.0767756,-0.0467677,0.995954,-0.370417,0,0,0,1
132822480221788674,594.617,594.752,0.997187,-0.0131331,0.0738376,-0.342056,0.00948104,0.998726,0.0496082,0.123614,-0.0743952,-0.0487682,0.996039,-0.370127,0,0,0,1
132822480222121871,594.617,594.752,0.997394,-0.0119044,0.0712133,-0.342294,0.00827661,0.998665,0.0510342,0.123647,-0.0717259,-0.0503112,0.996158,-0.369817,0,0,0,1
132822480222455068,594.617,594.752,0.997622,-0.0106648,0.0681343,-0.342563,0.00708282,0.998592,0.0526116,0.123826,-0.0685994,-0.0520035,0.996291,-0.369508,0,0,0,1
132822480222788266,594.071,594.201,0.997858,-0.00995812,0.0647008,-0.342912,0.00649375,0.998547,0.053547,0.12414,-0.06514,-0.0530117,0.99647,-0.36921,0,0,0,1
132822480223121463,593.525,593.649,0.998109,-0.00878382,0.060899,-0.34329,0.0054656,0.998504,0.0544564,0.124487,-0.0612865,-0.05402,0.99666,-0.368905,0,0,0,1
132822480223454660,593.525,593.649,0.998362,-0.00696868,0.0568451,-0.343736,0.00380901,0.998453,0.0555174,0.124939,-0.0571441,-0.0552096,0.996841,-0.368537,0,0,0,1
132822480223787857,593.525,593.649,0.998525,-0.00607246,0.0540117,-0.344423,0.00314516,0.998531,0.0541352,0.125667,-0.0542613,-0.053885,0.997075,-0.367886,0,0,0,1
132822480224121055,593.525,593.649,0.998636,-0.00467283,0.0520554,-0.345212,0.00203729,0.99872,0.0505847,0.126553,-0.0522254,-0.0504093,0.997365,-0.366734,0,0,0,1
132822480224454252,593.525,593.649,0.998723,-0.00318232,0.0504869,-0.34593,0.000972152,0.999044,0.0437581,0.127681,-0.0505779,-0.0436527,0.997769,-0.364802,0,0,0,1
132822480224787449,593.525,593.649,0.998729,-0.00151703,0.0504351,-0.34652,-0.000117421,0.999477,0.0324049,0.129356,-0.0504577,-0.0323693,0.998205,-0.36198,0,0,0,1
132822480225120645,592.979,593.098,0.998721,-5.61774e-05,0.0506244,-0.346801,-0.000979215,0.999793,0.0204404,0.131082,-0.0506153,-0.0204638,0.998512,-0.358138,0,0,0,1
132822480225453843,592.25,592.363,0.998676,-0.000351548,0.0515105,-0.346626,-3.19779e-05,0.999975,0.0074597,0.132858,-0.0515123,-0.00745124,0.998648,-0.353073,0,0,0,1
132822480226453435,591.147,591.247,0.997605,-0.0095636,0.0685526,-0.343311,0.0122736,0.999158,-0.0392056,0.137889,-0.0681204,0.0399534,0.99688,-0.330312,0,0,0,1
132822480226786633,591.147,591.247,0.99675,-0.0134363,0.0794726,-0.340827,0.0176215,0.998484,-0.0521893,0.138994,-0.0786508,0.0534201,0.995473,-0.320647,0,0,0,1
132822480227119830,591.147,591.247,0.995652,-0.0151905,0.0919311,-0.337357,0.0209689,0.997845,-0.0622105,0.139861,-0.0907879,0.0638677,0.993823,-0.31025,0,0,0,1
132822480227453027,591.147,591.247,0.994345,-0.0148818,0.105181,-0.332891,0.0225732,0.997129,-0.0723123,0.140967,-0.103802,0.0742775,0.991824,-0.299276,0,0,0,1
132822480227786224,591.147,591.247,0.992883,-0.0136651,0.118332,-0.327461,0.0234995,0.996349,-0.0821103,0.142165,-0.116778,0.0843067,0.989576,-0.287876,0,0,0,1
132822480228119421,590.372,590.46,0.991449,-0.0115549,0.130011,-0.321017,0.0234583,0.995632,-0.0903963,0.143019,-0.128399,0.092673,0.987386,-0.276221,0,0,0,1
132822480228452619,589.791,589.869,0.990063,-0.00920033,0.140349,-0.313669,0.0229185,0.995078,-0.0964368,0.143386,-0.138771,0.098695,0.985398,-0.264505,0,0,0,1
132822480228785816,589.21,589.279,0.988726,-0.00687045,0.149598,-0.305511,0.0219615,0.994802,-0.0994548,0.143182,-0.148137,0.101619,0.983735,-0.252769,0,0,0,1
132822480229119013,588.629,588.689,0.987504,-0.00430274,0.157556,-0.296523,0.0204171,0.9947,-0.100797,0.142633,-0.156287,0.102754,0.982355,-0.240933,0,0,0,1
132822480229452210,588.049,588.098,0.986387,-0.00236985,0.164445,-0.286788,0.0187918,0.994974,-0.0983752,0.141514,-0.163385,0.100126,0.981471,-0.229074,0,0,0,1
132822480229785407,587.661,587.705,0.985386,-0.000828505,0.170355,-0.276364,0.016817,0.99558,-0.0924285,0.140037,-0.169525,0.0939424,0.981042,-0.217087,0,0,0,1
132822480230451802,587.661,587.705,0.983916,0.00380629,0.178611,-0.253853,0.00904849,0.997431,-0.0710959,0.13598,-0.178422,0.0715687,0.981351,-0.192985,0,0,0,1
132822480231451393,587.661,587.705,0.981879,0.0193568,0.188535,-0.219064,-0.0117353,0.999074,-0.0414546,0.128868,-0.189163,0.0384907,0.981194,-0.157,0,0,0,1
132822480231784591,587.661,587.705,0.981134,0.0244409,0.191798,-0.207901,-0.0185317,0.999301,-0.032539,0.125838,-0.192459,0.0283709,0.980898,-0.145749,0,0,0,1
132822480232784183,587.661,587.705,0.980744,0.0407275,0.191022,-0.175587,-0.0421458,0.999108,0.00336999,0.119797,-0.190714,-0.0113558,0.981583,-0.115342,0,0,0,1
132822480233450577,587.661,587.705,0.983925,0.0548254,0.16998,-0.155184,-0.0606387,0.997735,0.0292003,0.121702,-0.167994,-0.039038,0.985018,-0.0976097,0,0,0,1
132822480234116971,587.661,587.705,0.988128,0.0637653,0.139801,-0.137364,-0.0732138,0.995294,0.0635192,0.122462,-0.135092,-0.073,0.988143,-0.079821,0,0,0,1
132822480234450169,588.049,588.098,0.989725,0.0674018,0.12613,-0.129994,-0.0776732,0.993896,0.0783781,0.121543,-0.120077,-0.0873689,0.988916,-0.0704028,0,0,0,1
132822480234783366,588.629,588.689,0.990958,0.071544,0.113536,-0.12353,-0.0821424,0.992404,0.0916003,0.11987,-0.10612,-0.100097,0.989306,-0.0607199,0,0,0,1
132822480235116563,589.21,589.279,0.991869,0.0761845,0.101966,-0.118018,-0.0865965,0.991018,0.101927,0.118084,-0.0932842,-0.109928,0.989556,-0.0506129,0,0,0,1
132822480235449760,589.791,589.869,0.992729,0.0809757,0.0890828,-0.113127,-0.0906805,0.989685,0.110927,0.11662,-0.0791804,-0.118198,0.98983,-0.0401911,0,0,0,1
132822480236116155,591.147,591.247,0.994531,0.0904975,0.0521544,-0.104215,-0.0966739,0.986582,0.131586,0.113391,-0.0395455,-0.135907,0.989934,-0.0188767,0,0,0,1
132822480236449352,591.704,591.811,0.995057,0.0955494,0.0270748,-0.0999695,-0.0984992,0.984321,0.146337,0.111378,-0.0126666,-0.148279,0.988866,-0.00829566,0,0,0,1
132822480236782550,592.068,592.179,0.994966,0.100211,-0.00184351,-0.0960718,-0.0985492,0.981498,0.164179,0.108917,0.018263,-0.163169,0.986431,0.00228831,0,0,0,1
132822480237782141,590.372,590.46,0.98975,0.108886,-0.0924381,-0.0887392,-0.0861928,0.971384,0.221332,0.100085,0.113891,-0.211094,0.970811,0.0345353,0,0,0,1
132822480238115339,589.791,589.869,0.986998,0.109968,-0.117259,-0.0885344,-0.0794725,0.967835,0.23871,0.0971917,0.139736,-0.226286,0.963989,0.0453939,0,0,0,1
132822480239448127,589.791,589.869,0.980024,0.102321,-0.170562,-0.099409,-0.048123,0.954032,0.295821,0.0873213,0.192989,-0.281702,0.939897,0.0872414,0,0,0,1
132822480240114522,589.791,589.869,0.981015,0.09062,-0.171474,-0.110091,-0.035065,0.952434,0.302727,0.0863966,0.190749,-0.290966,0.937528,0.107728,0,0,0,1
132822480240780916,589.791,589.869,0.983714,0.0709705,-0.165154,-0.121688,-0.0200126,0.956291,0.291737,0.0861866,0.178638,-0.28368,0.942136,0.128727,0,0,0,1
132822480242113704,589.791,589.869,0.989804,0.0314034,-0.138956,-0.141282,0.000396013,0.974793,0.223117,0.0883237,0.142458,-0.220896,0.96484,0.17175,0,0,0,1
132822480242446902,589.791,589.869,0.991177,0.0271903,-0.129756,-0.144704,0.00016278,0.978494,0.206285,0.0908506,0.132572,-0.204485,0.969854,0.182126,0,0,0,1
132822480242780098,589.791,589.869,0.992154,0.0234681,-0.122829,-0.147208,0.00130969,0.980231,0.19786,0.0928916,0.125043,-0.196467,0.972507,0.192273,0,0,0,1
132822480243113296,589.791,589.869,0.993078,0.0190107,-0.115936,-0.149118,0.00305182,0.982316,0.187215,0.0949191,0.117443,-0.186272,0.975457,0.201859,0,0,0,1
132822480243446494,589.791,589.869,0.994196,0.0138142,-0.106723,-0.150572,0.00509575,0.984573,0.174909,0.097032,0.107491,-0.174436,0.978787,0.211161,0,0,0,1
132822480243779691,589.791,589.869,0.995335,0.00975239,-0.0960163,-0.151268,0.006385,0.98605,0.166338,0.0987295,0.096297,-0.166175,0.981386,0.220451,0,0,0,1
132822480244446085,589.791,589.869,0.997166,0.00516361,-0.0750948,-0.149654,0.00632632,0.988368,0.151964,0.102371,0.0750043,-0.152008,0.985532,0.23969,0,0,0,1
132822480244779283,589.791,589.869,0.997859,0.004291,-0.0652998,-0.147182,0.00524792,0.98939,0.145198,0.104732,0.0652296,-0.145229,0.987249,0.249551,0,0,0,1
132822480245112480,589.791,589.869,0.99844,0.00498906,-0.0556593,-0.14364,0.00266066,0.990637,0.136509,0.107093,0.0558192,-0.136443,0.989077,0.259423,0,0,0,1
132822480245445677,589.791,589.869,0.998961,0.00678724,-0.0451183,-0.13914,-0.000987828,0.991863,0.127318,0.109278,0.0456153,-0.127139,0.990838,0.26914,0,0,0,1
132822480245778873,589.791,589.869,0.999396,0.0103008,-0.0332351,-0.133798,-0.00625157,0.992794,0.119686,0.111068,0.0342284,-0.119405,0.992258,0.278681,0,0,0,1
132822480246445268,589.791,589.869,0.999697,0.0217147,-0.0117785,-0.119498,-0.0203629,0.994296,0.104709,0.114183,0.0139852,-0.104436,0.994436,0.296968,0,0,0,1
132822480246778466,589.791,589.869,0.999631,0.0269527,-0.00392501,-0.110665,-0.0264405,0.994879,0.0975702,0.11546,0.00653441,-0.0974297,0.995224,0.305859,0,0,0,1
132822480247111663,589.791,589.869,0.999532,0.0305911,0.00203779,-0.100851,-0.0306503,0.995574,0.0888601,0.116867,0.000688806,-0.0888804,0.996046,0.314605,0,0,0,1
132822480247444860,589.791,589.869,0.999423,0.0332937,0.00704969,-0.0903385,-0.0337354,0.996494,0.0765838,0.11868,-0.00447583,-0.0767767,0.997042,0.32315,0,0,0,1
132822480247778058,589.791,589.869,0.999307,0.0354019,0.0117572,-0.0792274,-0.0360881,0.997264,0.0645468,0.120502,-0.00944059,-0.0649256,0.997849,0.331499,0,0,0,1
132822480248111255,589.791,589.869,0.999188,0.0368151,0.0164866,-0.067703,-0.0376632,0.997803,0.054536,0.122261,-0.0144433,-0.0551124,0.998379,0.339267,0,0,0,1
132822480248444452,589.791,589.869,0.999099,0.0367341,0.0213938,-0.0559449,-0.0377073,0.998182,0.0470727,0.123931,-0.0196264,-0.0478361,0.998666,0.346479,0,0,0,1
132822480249110846,589.791,589.869,0.998934,0.0354176,0.0296976,-0.0315768,-0.036246,0.998957,0.0278648,0.128256,-0.0286804,-0.0289108,0.999174,0.359609,0,0,0,1
132822480249444044,589.791,589.869,0.998846,0.0350167,0.0329351,-0.0190451,-0.0356777,0.999171,0.0197292,0.130047,-0.0322173,-0.0208808,0.999266,0.365676,0,0,0,1
132822480250110438,589.791,589.869,0.998524,0.0368109,0.0400037,0.00645554,-0.0370525,0.999301,0.00533515,0.1328,-0.0397803,-0.00680909,0.999189,0.377283,0,0,0,1
132822480250776832,589.791,589.869,0.997935,0.0479263,0.0428178,0.0327492,-0.0468423,0.998567,-0.0259517,0.137109,-0.0440008,0.023893,0.998749,0.389152,0,0,0,1
132822480253109213,588.629,588.689,0.997811,0.0447432,0.04874,0.103796,-0.0363229,0.986176,-0.161683,0.150353,-0.0553009,0.159559,0.985642,0.428978,0,0,0,1
132822480253442411,588.049,588.098,0.997648,0.0413139,0.0547445,0.110043,-0.0318269,0.985943,-0.164036,0.150129,-0.0607525,0.161908,0.984938,0.431573,0,0,0,1
132822480253775607,587.661,587.705,0.9973,0.0399494,0.0616531,0.115619,-0.029251,0.985767,-0.165568,0.150012,-0.0673906,0.163318,0.984273,0.433774,0,0,0,1
132822480254108805,587.661,587.705,0.996846,0.0395161,0.0688586,0.120443,-0.0277029,0.985948,-0.16475,0.150004,-0.0744018,0.162323,0.983932,0.435489,0,0,0,1
132822480254775198,587.661,587.705,0.995888,0.036582,0.0829037,0.128024,-0.0235568,0.987954,-0.152954,0.149675,-0.087501,0.150372,0.984753,0.437588,0,0,0,1
132822480255108396,587.661,587.705,0.995339,0.0352799,0.0897807,0.131059,-0.0219327,0.989115,-0.145516,0.149423,-0.0939375,0.142869,0.985277,0.438275,0,0,0,1
132822480255774791,587.661,587.705,0.99406,0.0369349,0.102394,0.136529,-0.0225915,0.990198,-0.137848,0.149018,-0.106481,0.134716,0.98515,0.440135,0,0,0,1
132822480256107988,587.661,587.705,0.993477,0.0399502,0.106832,0.139154,-0.025028,0.990184,-0.137526,0.148656,-0.111278,0.133956,0.984724,0.441306,0,0,0,1
132822480256441184,587.661,587.705,0.993011,0.0431323,0.109879,0.141737,-0.0277555,0.990073,-0.137802,0.148118,-0.114732,0.133789,0.98435,0.442491,0,0,0,1
132822480256774382,587.661,587.705,0.992684,0.0458269,0.111731,0.144122,-0.0302998,0.990125,-0.136893,0.147516,-0.116902,0.132506,0.984268,0.443388,0,0,0,1
132822480257107580,587.661,587.705,0.992468,0.0478425,0.112796,0.14618,-0.0326618,0.99061,-0.132778,0.14682,-0.11809,0.128094,0.98471,0.443798,0,0,0,1
132822480257440777,587.661,587.705,0.992288,0.0485278,0.114078,0.14777,-0.0340874,0.991538,-0.12528,0.145999,-0.119193,0.120425,0.985544,0.443694,0,0,0,1
132822480257773974,587.661,587.705,0.992061,0.0487317,0.115954,0.149018,-0.0347771,0.992233,-0.119453,0.145448,-0.120875,0.114473,0.986049,0.443581,0,0,0,1
132822480258107171,587.661,587.705,0.9917,0.0489882,0.118898,0.149913,-0.0350554,0.992567,-0.11656,0.145151,-0.123725,0.111425,0.986044,0.443563,0,0,0,1
132822480258773566,587.661,587.705,0.990541,0.0511301,0.127353,0.150909,-0.0365888,0.992808,-0.114004,0.14457,-0.132267,0.108266,0.985288,0.443768,0,0,0,1
132822480259106762,587.661,587.705,0.989714,0.0518849,0.133338,0.150853,-0.0370246,0.993065,-0.111598,0.144151,-0.138204,0.105514,0.984771,0.44377,0,0,0,1
132822480259439960,587.661,587.705,0.988686,0.05194,0.140735,0.150426,-0.0369185,0.993541,-0.107315,0.143613,-0.145401,0.100906,0.984217,0.443471,0,0,0,1
132822480259773157,587.661,587.705,0.987291,0.0512977,0.150435,0.149503,-0.0361001,0.994125,-0.102065,0.143093,-0.154787,0.0953373,0.983341,0.44305,0,0,0,1
132822480260106355,587.661,587.705,0.985233,0.0497773,0.16384,0.147935,-0.0341629,0.994722,-0.0967725,0.142521,-0.167793,0.0897466,0.981732,0.442408,0,0,0,1
132822480260439552,587.661,587.705,0.981804,0.0478528,0.183781,0.145419,-0.0313553,0.9953,-0.0916441,0.141805,-0.187303,0.084214,0.978689,0.44179,0,0,0,1
132822480260772749,587.661,587.705,0.976049,0.0458195,0.212682,0.141564,-0.0278845,0.995857,-0.0865709,0.141013,-0.215768,0.0785672,0.973282,0.441202,0,0,0,1
132822480261105946,587.661,587.705,0.966777,0.0433583,0.251928,0.136283,-0.0237427,0.996484,-0.0803834,0.140055,-0.254528,0.0717316,0.964405,0.441104,0,0,0,1
132822480261439143,587.661,587.705,0.953798,0.040667,0.297691,0.129961,-0.0197877,0.997151,-0.0728166,0.138913,-0.299804,0.0635618,0.951884,0.441315,0,0,0,1
132822480261772341,587.661,587.705,0.938167,0.0373236,0.344173,0.123352,-0.0165619,0.997874,-0.0630656,0.137482,-0.345795,0.0534662,0.936789,0.441836,0,0,0,1
132822480262438735,587.661,587.705,0.905399,0.0263867,0.423747,0.111794,-0.012843,0.999315,-0.0347847,0.133505,-0.424374,0.0260519,0.905116,0.442615,0,0,0,1
132822480262771932,587.661,587.705,0.892118,0.0204283,0.451345,0.107451,-0.0145032,0.999759,-0.0165814,0.1309,-0.451575,0.00824723,0.892199,0.442318,0,0,0,1
132822480263438327,587.661,587.705,0.877534,0.00552478,0.479488,0.102192,-0.0216697,0.999371,0.0281453,0.124592,-0.479031,-0.0350883,0.8771,0.439842,0,0,0,1
132822480264771116,587.661,587.705,0.881957,-0.0196613,0.470926,0.100749,-0.0316354,0.994409,0.100766,0.113882,-0.470273,-0.103769,0.876403,0.433048,0,0,0,1
132822480265437510,587.661,587.705,0.889303,-0.0194705,0.45691,0.10273,-0.0379764,0.992501,0.116211,0.111552,-0.455745,-0.120698,0.881893,0.431586,0,0,0,1
132822480265770707,587.661,587.705,0.893422,-0.0182025,0.448855,0.10421,-0.0407614,0.991775,0.121354,0.11014,-0.447371,-0.126716,0.88533,0.431763,0,0,0,1
132822480266770299,587.661,587.705,0.902748,-0.0142573,0.429942,0.10807,-0.0466865,0.990303,0.130867,0.10888,-0.427637,-0.138212,0.893326,0.432605,0,0,0,1
132822480267769891,587.661,587.705,0.908836,-0.0130036,0.416959,0.111343,-0.0476172,0.989751,0.134657,0.108683,-0.414436,-0.142236,0.8989,0.434399,0,0,0,1
132822480268769482,587.661,587.705,0.912353,-0.00896558,0.409315,0.114427,-0.049156,0.990132,0.131256,0.109662,-0.406452,-0.139872,0.902907,0.43716,0,0,0,1
132822480269435877,587.661,587.705,0.91527,-0.004518,0.402824,0.116974,-0.0500664,0.990911,0.124872,0.110906,-0.399726,-0.134459,0.906724,0.439388,0,0,0,1
132822480270102271,587.661,587.705,0.918673,1.84476e-05,0.395029,0.119714,-0.0504066,0.991834,0.117179,0.112331,-0.3918,-0.127561,0.91117,0.441793,0,0,0,1
132822480270435468,587.661,587.705,0.920522,0.00215873,0.390694,0.12107,-0.0505314,0.992246,0.113576,0.113031,-0.387419,-0.124291,0.913492,0.442926,0,0,0,1
132822480270768665,587.661,587.705,0.92238,0.00409737,0.386273,0.122488,-0.0505139,0.99264,0.110093,0.113697,-0.382978,-0.121059,0.915796,0.443999,0,0,0,1
132822480271101863,587.661,587.705,0.924067,0.00541025,0.382199,0.123742,-0.0500659,0.993001,0.106992,0.114552,-0.378944,-0.118003,0.917869,0.445086,0,0,0,1
132822480272767848,587.661,587.705,0.928559,0.0112059,0.371022,0.128925,-0.0486419,0.9946,0.0916973,0.117017,-0.36799,-0.103194,0.924089,0.450222,0,0,0,1
132822480273434243,587.661,587.705,0.930532,0.0152733,0.365901,0.131311,-0.0499711,0.995082,0.0855473,0.118478,-0.362795,-0.0978893,0.926717,0.449258,0,0,0,1
132822480273767440,587.661,587.705,0.932017,0.0185129,0.361948,0.132772,-0.0512802,0.995385,0.0811355,0.1192,-0.358775,-0.0941808,0.928664,0.44905,0,0,0,1
132822480274100637,587.661,587.705,0.933843,0.0216133,0.357038,0.134478,-0.0522116,0.99572,0.0762862,0.119902,-0.35386,-0.0898809,0.930973,0.448986,0,0,0,1
132822480274433834,587.661,587.705,0.935936,0.0246212,0.351316,0.136317,-0.0530747,0.996023,0.0715923,0.120482,-0.348155,-0.0856523,0.933519,0.448947,0,0,0,1
132822480274767032,587.661,587.705,0.938149,0.0273086,0.345162,0.138311,-0.053785,0.996279,0.0673644,0.121033,-0.342038,-0.0817625,0.936126,0.449021,0,0,0,1
132822480275100228,587.661,587.705,0.940445,0.0302444,0.338606,0.14054,-0.0547625,0.996506,0.0630899,0.121544,-0.335514,-0.0778758,0.938814,0.449155,0,0,0,1
132822480276099820,587.661,587.705,0.946983,0.0395387,0.318849,0.147839,-0.0585831,0.997014,0.0503591,0.12267,-0.315905,-0.0663686,0.94647,0.449563,0,0,0,1
132822480277099412,587.661,587.705,0.952239,0.0477543,0.301605,0.155102,-0.0652991,0.996696,0.0483554,0.121803,-0.298299,-0.0657409,0.95221,0.449321,0,0,0,1
132822480278432201,587.661,587.705,0.962328,0.0619545,0.26475,0.165586,-0.0780638,0.995658,0.0507568,0.119956,-0.260456,-0.0695124,0.962984,0.448181,0,0,0,1
132822480279098595,587.661,587.705,0.969245,0.0681811,0.236474,0.171236,-0.0829423,0.995144,0.0530365,0.119074,-0.231709,-0.0710194,0.970192,0.447412,0,0,0,1
132822480279431793,587.661,587.705,0.972577,0.0709376,0.221514,0.173875,-0.0849115,0.994915,0.0542011,0.118626,-0.216543,-0.0715241,0.973653,0.447015,0,0,0,1
132822480280098187,587.661,587.705,0.978447,0.0744173,0.192637,0.178269,-0.0867946,0.994618,0.0566218,0.117893,-0.187387,-0.0721216,0.979638,0.44585,0,0,0,1
132822480280431384,587.661,587.705,0.980883,0.074677,0.179715,0.179948,-0.086419,0.994547,0.0584119,0.117564,-0.174373,-0.0728263,0.981986,0.445047,0,0,0,1
132822480281764173,587.661,587.705,0.986734,0.0691413,0.146906,0.18345,-0.0800169,0.994373,0.0694549,0.116043,-0.141277,-0.0802888,0.986712,0.440224,0,0,0,1
132822480282097370,587.661,587.705,0.987646,0.0672934,0.141537,0.183902,-0.0781983,0.994267,0.072948,0.115696,-0.135817,-0.083115,0.987245,0.438502,0,0,0,1
132822480282430567,587.661,587.705,0.988525,0.0654877,0.136143,0.184362,-0.0763176,0.994192,0.0759134,0.11546,-0.130381,-0.0854326,0.98778,0.436576,0,0,0,1
132822480283096961,587.661,587.705,0.990275,0.0626467,0.124243,0.185272,-0.0730498,0.994033,0.081027,0.114656,-0.118425,-0.0893151,0.988941,0.432318,0,0,0,1
132822480283430158,587.661,587.705,0.991041,0.0615467,0.118555,0.185601,-0.0716347,0.99399,0.0827999,0.11439,-0.112747,-0.0905507,0.989492,0.429626,0,0,0,1
132822480283763356,587.661,587.705,0.991735,0.0613975,0.112686,0.18577,-0.0710395,0.993962,0.083648,0.114336,-0.10687,-0.0909618,0.990107,0.426596,0,0,0,1
132822480284096553,587.661,587.705,0.99236,0.0614217,0.107027,0.185619,-0.0706472,0.993905,0.0846558,0.114495,-0.101175,-0.0915703,0.990649,0.423104,0,0,0,1
132822480284762948,587.661,587.705,0.993609,0.0595985,0.0958909,0.184298,-0.0679697,0.993929,0.0865478,0.114996,-0.0901503,-0.0925122,0.991625,0.414855,0,0,0,1
132822480285096145,587.661,587.705,0.994281,0.0583425,0.08948,0.183248,-0.0661311,0.994039,0.0867086,0.11521,-0.0838879,-0.0921303,0.99221,0.410084,0,0,0,1
132822480285429342,587.661,587.705,0.995006,0.0574012,0.0816898,0.181932,-0.0644554,0.994165,0.0865186,0.115267,-0.0762469,-0.0913522,0.992899,0.404806,0,0,0,1
132822480285762539,587.661,587.705,0.995716,0.0571122,0.0727565,0.180393,-0.0632911,0.994313,0.085667,0.115278,-0.0674504,-0.089905,0.993667,0.399065,0,0,0,1
132822480286428933,587.661,587.705,0.997026,0.0579274,0.0508881,0.176077,-0.0620933,0.994488,0.0845138,0.114461,-0.0457121,-0.0874227,0.995125,0.386274,0,0,0,1
132822480286762131,587.661,587.705,0.997633,0.0571389,0.0383245,0.173182,-0.0602728,0.994442,0.0863438,0.114033,-0.0331782,-0.0884493,0.995532,0.379372,0,0,0,1
132822480287095328,587.661,587.705,0.998225,0.0541493,0.0249157,0.169644,-0.0561579,0.994483,0.088616,0.114296,-0.0199799,-0.0898577,0.995757,0.372357,0,0,0,1
132822480287428525,587.661,587.705,0.998765,0.0484821,0.0111191,0.165467,-0.0492833,0.994781,0.0893639,0.11521,-0.00672886,-0.0898018,0.995941,0.365204,0,0,0,1
132822480287761722,587.661,587.705,0.999184,0.0403884,-0.0026218,0.160766,-0.0399967,0.995256,0.0887161,0.116463,0.00619195,-0.0885391,0.996057,0.358028,0,0,0,1
132822480288761314,587.661,587.705,0.999259,0.0155352,-0.0353055,0.145216,-0.0126785,0.996738,0.0797322,0.119823,0.0364288,-0.0792255,0.996194,0.336933,0,0,0,1
132822480289094511,587.661,587.705,0.999074,0.0110447,-0.041654,0.139808,-0.00785238,0.997077,0.0760286,0.12108,0.0423715,-0.0756312,0.996238,0.329879,0,0,0,1
132822480289427708,587.661,587.705,0.998906,0.00770575,-0.0461748,0.134403,-0.00435594,0.997382,0.0722069,0.122533,0.0466099,-0.0719268,0.996323,0.322785,0,0,0,1
132822480289760905,587.661,587.705,0.998764,0.00466365,-0.0495537,0.128985,-0.00125131,0.997641,0.068662,0.123961,0.0497566,-0.068515,0.996412,0.31568,0,0,0,1
132822480290094103,587.661,587.705,0.998648,0.00199586,-0.0520003,0.123542,0.00140554,0.997867,0.0652869,0.125281,0.0520195,-0.0652717,0.996514,0.308428,0,0,0,1
132822480290427300,587.661,587.705,0.998607,2.83718e-05,-0.0528227,0.117938,0.00331551,0.997997,0.0632095,0.126192,0.0527182,-0.0632967,0.996605,0.301171,0,0,0,1
132822480291093694,587.661,587.705,0.998745,-0.000419229,-0.0501326,0.106345,0.00360104,0.997985,0.0633848,0.126848,0.0500048,-0.0634857,0.996732,0.28686,0,0,0,1
132822480291426891,587.661,587.705,0.998831,0.000411928,-0.0483984,0.100508,0.00264841,0.998003,0.0631442,0.12686,0.0483274,-0.0631988,0.996833,0.280098,0,0,0,1
132822480292093285,587.661,587.705,0.99897,0.000840604,-0.0454311,0.088712,0.00198823,0.998065,0.0621745,0.12672,0.0453953,-0.0622009,0.997034,0.267815,0,0,0,1
132822480292426483,587.661,587.705,0.99902,0.000301987,-0.0443193,0.082591,0.00250366,0.997998,0.0632298,0.126394,0.0442492,-0.0632786,0.997018,0.262488,0,0,0,1
132822480292759680,587.661,587.705,0.999118,-0.000920236,-0.042052,0.0760692,0.00365037,0.997888,0.0648853,0.12588,0.041903,-0.0649814,0.99701,0.257714,0,0,0,1
132822480293092877,587.661,587.705,0.999317,-0.00403777,-0.0368153,0.0690264,0.00643191,0.997858,0.0651364,0.125326,0.0364728,-0.0653287,0.9972,0.253884,0,0,0,1
132822480293426075,587.661,587.705,0.999594,-0.00785425,-0.0274792,0.0615728,0.00950378,0.99813,0.0604163,0.125239,0.0269531,-0.0606532,0.997798,0.250913,0,0,0,1
132822480293759271,587.661,587.705,0.99983,-0.00901809,-0.0162909,0.0540528,0.00991094,0.998408,0.0555575,0.124634,0.0157637,-0.0557095,0.998326,0.248741,0,0,0,1
132822480294758863,587.661,587.705,0.999754,-0.0149192,0.016616,0.0336561,0.0139894,0.998404,0.0547553,0.120361,-0.0174068,-0.0545094,0.998365,0.245617,0,0,0,1
132822480295092060,587.661,587.705,0.999533,-0.0178789,0.0248899,0.0283406,0.0163962,0.998151,0.0585655,0.118851,-0.0258912,-0.0581303,0.997977,0.245787,0,0,0,1
132822480295758455,587.661,587.705,0.999084,-0.0213372,0.0371719,0.0203407,0.0189489,0.997806,0.063463,0.11783,-0.0384447,-0.0627007,0.997295,0.24812,0,0,0,1
132822480296424849,587.661,587.705,0.998845,-0.0200115,0.0437188,0.0157219,0.0172296,0.997859,0.0631193,0.118292,-0.0448883,-0.0622929,0.997051,0.252157,0,0,0,1
132822480299090426,589.21,589.279,0.999146,-0.0188266,0.0368326,0.0154857,0.0174496,0.999151,0.0373678,0.121565,-0.0375047,-0.0366929,0.998626,0.266903,0,0,0,1
132822480299756821,590.372,590.46,0.999119,-0.013047,0.0399285,0.0171421,0.0117833,0.999429,0.0317398,0.121776,-0.0403198,-0.0312409,0.998701,0.269218,0,0,0,1
132822480300090018,590.953,591.05,0.998977,-0.0129769,0.0434134,0.0172411,0.0117093,0.999504,0.0293436,0.121947,-0.0437739,-0.028804,0.998631,0.270136,0,0,0,1
132822480301089609,589.21,589.279,0.997562,-0.0179577,0.0674965,0.0134313,0.0164846,0.999618,0.0223299,0.122055,-0.0678729,-0.0211614,0.997474,0.272453,0,0,0,1
132822480301422806,588.436,588.492,0.996397,-0.0211635,0.0821844,0.0108426,0.0195017,0.999593,0.0209795,0.121992,-0.0825959,-0.0193,0.996401,0.27333,0,0,0,1
132822480301756004,588.436,588.492,0.994674,-0.0258189,0.0998279,0.00784373,0.0240326,0.999533,0.0190648,0.122038,-0.100274,-0.0165629,0.994827,0.274238,0,0,0,1
132822480302089201,588.436,588.492,0.992105,-0.0304789,0.121683,0.00448614,0.0285695,0.999444,0.0174113,0.122189,-0.122147,-0.0137961,0.992421,0.275192,0,0,0,1
132822480302422398,588.436,588.492,0.989339,-0.0339705,0.141639,0.00171846,0.0320342,0.999363,0.0159325,0.122374,-0.142091,-0.0112244,0.989795,0.276064,0,0,0,1
132822480302755595,588.436,588.492,0.98714,-0.036675,0.155624,6.95586e-05,0.0348137,0.999289,0.0146762,0.122523,-0.156053,-0.00906822,0.987712,0.27679,0,0,0,1
132822480303088792,588.436,588.492,0.985505,-0.037898,0.165384,-0.000615478,0.0361939,0.999259,0.0133113,0.122662,-0.165767,-0.00713098,0.986144,0.27741,0,0,0,1
132822480303421989,588.436,588.492,0.984446,-0.036181,0.171944,-0.000451744,0.0344684,0.999325,0.0129405,0.122688,-0.172297,-0.00681171,0.985026,0.277869,0,0,0,1
132822480303755187,588.436,588.492,0.98432,-0.0328565,0.173327,0.000616968,0.0310693,0.999436,0.0130185,0.122647,-0.173658,-0.00742817,0.984783,0.27821,0,0,0,1
132822480304088384,588.436,588.492,0.985152,-0.0291573,0.169215,0.00251329,0.0272843,0.999541,0.0133891,0.122514,-0.169529,-0.0085721,0.985493,0.278442,0,0,0,1
132822480305087976,588.436,588.492,0.991759,-0.0120263,0.127589,0.0126357,0.00969154,0.999778,0.0189111,0.121256,-0.127789,-0.0175176,0.991651,0.277904,0,0,0,1
132822480305754370,588.436,588.492,0.996374,0.00297353,0.0850801,0.0214351,-0.00522602,0.999644,0.0262721,0.119978,-0.0849724,-0.0266205,0.996032,0.276946,0,0,0,1
132822480306087567,588.436,588.492,0.998052,0.0106333,0.061546,0.0260284,-0.0125249,0.999461,0.0304458,0.119284,-0.0611902,-0.0311563,0.997645,0.276467,0,0,0,1
132822480306420764,588.436,588.492,0.999036,0.0181823,0.0400478,0.0302487,-0.0195562,0.999227,0.0342057,0.118633,-0.039396,-0.0349547,0.998617,0.276047,0,0,0,1
132822480306753962,588.436,588.492,0.999431,0.0259072,0.0217669,0.033927,-0.0267057,0.998952,0.0372652,0.118029,-0.0207798,-0.0378242,0.999073,0.275681,0,0,0,1
132822480307087159,588.436,588.492,0.999456,0.0327448,0.00481662,0.0371929,-0.0329128,0.998638,0.040572,0.117408,-0.00348304,-0.0407076,0.99917,0.275358,0,0,0,1
132822480307420356,588.436,588.492,0.999193,0.0389631,-0.0101378,0.0400169,-0.0384768,0.998279,0.0443378,0.116806,0.0118464,-0.043911,0.99897,0.275041,0,0,0,1
132822480307753553,588.436,588.492,0.998718,0.0444851,-0.0242891,0.0425661,-0.0432836,0.997917,0.0478999,0.116238,0.0263678,-0.0467859,0.998562,0.274734,0,0,0,1
132822480308086750,588.436,588.492,0.99812,0.04829,-0.0378575,0.0448036,-0.0463481,0.997648,0.050575,0.115773,0.0402091,-0.0487241,0.998008,0.274386,0,0,0,1
132822480308419947,588.436,588.492,0.997528,0.0510754,-0.0483577,0.0465411,-0.0485441,0.997463,0.052135,0.115409,0.0508961,-0.0496573,0.997474,0.274102,0,0,0,1
132822480308753144,588.436,588.492,0.997065,0.0530705,-0.0552632,0.0476257,-0.0501471,0.997339,0.0529919,0.115086,0.0579266,-0.0500637,0.997069,0.273813,0,0,0,1
132822480309086341,588.436,588.492,0.996778,0.0542079,-0.0591884,0.048192,-0.0510175,0.997233,0.0541306,0.114757,0.0619574,-0.0509353,0.996783,0.273496,0,0,0,1
132822480309752736,588.436,588.492,0.996476,0.0542724,-0.0640104,0.0486983,-0.0506515,0.997099,0.0568808,0.114088,0.0669103,-0.053437,0.996332,0.272792,0,0,0,1
132822480310085933,588.436,588.492,0.996356,0.0540858,-0.0660001,0.0488806,-0.0502902,0.99706,0.0578626,0.1139,0.0689347,-0.0543316,0.996144,0.272392,0,0,0,1
132822480310752328,588.436,588.492,0.996046,0.0548014,-0.0699743,0.0494153,-0.0507116,0.996976,0.0589323,0.113503,0.0729912,-0.0551499,0.995811,0.271746,0,0,0,1
132822480311085525,588.436,588.492,0.995844,0.0555227,-0.0722485,0.0497655,-0.0512838,0.996928,0.059249,0.113294,0.0753153,-0.0552965,0.995629,0.27139,0,0,0,1
132822480311418721,588.436,588.492,0.995631,0.0563964,-0.0744647,0.0501158,-0.0520243,0.996881,0.0593923,0.113166,0.0775808,-0.0552579,0.995458,0.2711,0,0,0,1
132822480313084707,588.436,588.492,0.994079,0.0612539,-0.0897861,0.0524337,-0.0563299,0.996822,0.0563774,0.113337,0.092953,-0.0509849,0.994368,0.269405,0,0,0,1
132822480313751102,588.436,588.492,0.993207,0.0614808,-0.0988254,0.0533869,-0.0565124,0.997034,0.0523033,0.113986,0.101747,-0.0463618,0.993733,0.268784,0,0,0,1
132822480314417496,588.436,588.492,0.992137,0.0599058,-0.109922,0.0541505,-0.0549402,0.997355,0.0476546,0.114549,0.112484,-0.0412398,0.992801,0.268026,0,0,0,1
132822480314750693,588.436,588.492,0.991617,0.0592286,-0.114872,0.0544299,-0.0541985,0.997453,0.0464248,0.11465,0.117328,-0.039809,0.992299,0.267659,0,0,0,1
132822480315417088,588.436,588.492,0.990842,0.058209,-0.121864,0.0544528,-0.0530971,0.997588,0.0447785,0.114841,0.124175,-0.0378969,0.99154,0.266742,0,0,0,1
132822480315750285,588.436,588.492,0.99052,0.0575652,-0.124752,0.0542737,-0.0525856,0.9977,0.0428438,0.115121,0.12693,-0.0358768,0.991267,0.266368,0,0,0,1
132822480316083482,588.436,588.492,0.990136,0.0569025,-0.128063,0.0540758,-0.0521479,0.997833,0.0401767,0.115521,0.130071,-0.0331014,0.990956,0.266029,0,0,0,1
