132822480190834498,0.00722969,-0.987625,-0.156665,-0.318397,-0.986929,0.018176,-0.160128,0.125358,0.160994,0.155775,-0.974585,-0.390202,0,0,0,1
132822480192834538,0.00873512,-0.990066,-0.140332,-0.323295,-0.990104,0.0110937,-0.1399,0.128147,0.140067,0.140165,-0.980171,-0.384631,0,0,0,1
132822480194834580,0.0122856,-0.98971,-0.142558,-0.325795,-0.990717,0.00725561,-0.13575,0.127858,0.135387,0.142903,-0.980433,-0.38239,0,0,0,1
132822480196834622,0.0159242,-0.989799,-0.141579,-0.330537,-0.990598,0.00362414,-0.136752,0.128025,0.13587,0.142426,-0.980435,-0.381397,0,0,0,1
132822480198834665,0.0139397,-0.991922,-0.126078,-0.341302,-0.989883,0.00411618,-0.141829,0.124781,0.141202,0.12678,-0.981829,-0.375249,0,0,0,1
132822480200834706,0.0068621,-0.993756,-0.111365,-0.35153,-0.989682,0.00918972,-0.142987,0.122301,0.143118,0.111198,-0.983439,-0.365312,0,0,0,1
132822480202834749,0.00149637,-0.99434,-0.106233,-0.361626,-0.990403,0.0132083,-0.137581,0.121677,0.138205,0.10542,-0.984777,-0.357449,0,0,0,1
132822480204834791,-0.00092423,-0.994786,-0.101975,-0.367939,-0.990364,0.015033,-0.137672,0.121027,0.138488,0.100865,-0.985214,-0.355298,0,0,0,1
132822480206834833,-0.000899434,-0.995108,-0.098789,-0.370249,-0.991456,0.0137731,-0.129714,0.12163,0.13044,0.0978282,-0.986618,-0.354347,0,0,0,1
132822480208834875,0.00103498,-0.995665,-0.0930095,-0.370302,-0.994828,0.00842154,-0.101224,0.125351,0.101569,0.0926333,-0.990507,-0.352066,0,0,0,1
132822480210834916,0.00363481,-0.995283,-0.0969463,-0.371345,-0.99651,0.00447989,-0.0833517,0.12738,0.0833928,0.0969109,-0.991793,-0.351045,0,0,0,1
132822480212834957,0.00743002,-0.995291,-0.0966467,-0.37317,-0.996676,0.000470102,-0.0814661,0.127297,0.0811279,0.0969308,-0.991979,-0.353749,0,0,0,1
132822480214835000,0.0116007,-0.994129,-0.10758,-0.37793,-0.996655,-0.00279176,-0.0816743,0.126864,0.0808945,0.108167,-0.990836,-0.35621,0,0,0,1
132822480216835043,0.0140826,-0.992648,-0.120212,-0.383356,-0.99664,-0.00423288,-0.0818006,0.126788,0.0806904,0.12096,-0.989372,-0.357193,0,0,0,1
132822480218835083,0.00806409,-0.993693,-0.111843,-0.383787,-0.996047,0.00191182,-0.088801,0.125396,0.0884548,0.112117,-0.98975,-0.355663,0,0,0,1
132822480220835125,0.00975436,-0.993631,-0.112262,-0.389595,-0.99619,7.29561e-05,-0.0872046,0.12685,0.0866573,0.112685,-0.989845,-0.355503,0,0,0,1
132822480222835167,0.00491738,-0.99513,-0.0984503,-0.391763,-0.995448,0.00449932,-0.0952,0.127119,0.0951793,0.0984703,-0.990578,-0.354325,0,0,0,1
132822480224835210,-0.00425816,-0.99636,-0.0851371,-0.395561,-0.99735,0.0104155,-0.0720083,0.13261,0.0726329,0.0846048,-0.993764,-0.347262,0,0,0,1
132822480226835252,0.00965577,-0.993293,-0.115223,-0.388922,-0.99987,-0.0110779,0.0117091,0.1402,-0.012907,0.115095,-0.993271,-0.303265,0,0,0,1
132822480228835293,0.00526208,-0.982763,-0.184793,-0.351526,-0.998207,-0.01618,0.0576235,0.143466,-0.0596202,0.184158,-0.981087,-0.231714,0,0,0,1
132822480230835335,-0.0084734,-0.97618,-0.216795,-0.287005,-0.99986,0.00514919,0.0158941,0.135219,-0.0143992,0.2169,-0.976088,-0.158126,0,0,0,1
132822480232835377,-0.0413585,-0.973329,-0.225653,-0.220306,-0.997579,0.0528637,-0.0451814,0.124664,0.0559052,0.223238,-0.973159,-0.0929579,0,0,0,1
132822480234835419,-0.0751103,-0.985977,-0.149023,-0.170291,-0.986734,0.0950595,-0.131607,0.127634,0.143928,0.137161,-0.980036,-0.0426107,0,0,0,1
132822480236835461,-0.108713,-0.993552,-0.0321717,-0.144697,-0.972396,0.113008,-0.204146,0.117917,0.206465,0.00909038,-0.978412,0.0140398,0,0,0,1
132822480238835504,-0.122191,-0.98554,0.11739,-0.142461,-0.94691,0.0803214,-0.311303,0.0997245,0.297373,-0.149197,-0.943032,0.0699608,0,0,0,1
132822480240835546,-0.0834374,-0.988365,0.12717,-0.173199,-0.943645,0.0373502,-0.328846,0.0929675,0.32027,-0.147442,-0.935782,0.132028,0,0,0,1
132822480242835589,-0.0354035,-0.995654,0.0861428,-0.19817,-0.971519,0.0140799,-0.236542,0.0979738,0.234301,-0.0920638,-0.967795,0.198727,0,0,0,1
132822480244835630,-0.0145773,-0.999483,0.0286429,-0.196928,-0.982716,0.00903392,-0.184901,0.109169,0.184547,-0.0308431,-0.98234,0.259357,0,0,0,1
132822480246835673,-0.0353944,-0.998822,-0.0331748,-0.15863,-0.989848,0.0396104,-0.136496,0.120761,0.137649,0.0280068,-0.990085,0.31862,0,0,0,1
132822480248835716,-0.0422733,-0.997129,-0.0628302,-0.0909583,-0.995988,0.047022,-0.0761318,0.131329,0.0788676,0.0593598,-0.995116,0.36736,0,0,0,1
132822480250835758,-0.0550469,-0.995311,-0.0795295,-0.0138023,-0.998384,0.0559943,-0.0097264,0.142265,0.014134,0.0788656,-0.996785,0.404344,0,0,0,1
132822480252835802,-0.0555941,-0.995144,-0.0812228,0.0493968,-0.991631,0.0455375,0.120808,0.153434,-0.116523,0.0872593,-0.989347,0.441118,0,0,0,1
132822480254835845,-0.0403472,-0.99193,-0.120196,0.0802479,-0.99344,0.0269419,0.111137,0.151581,-0.107001,0.123891,-0.98651,0.454132,0,0,0,1
132822480256835887,-0.0491166,-0.987725,-0.148279,0.0966864,-0.994738,0.0350119,0.0962787,0.149898,-0.0899054,0.152228,-0.984248,0.461286,0,0,0,1
132822480258835929,-0.053481,-0.984878,-0.164787,0.103405,-0.996408,0.0417833,0.0736555,0.147572,-0.0656564,0.168134,-0.983575,0.462311,0,0,0,1
132822480260835971,-0.0436227,-0.965995,-0.254853,0.0949841,-0.998433,0.0332015,0.0450519,0.143784,-0.0350584,0.256419,-0.96593,0.463844,0,0,0,1
132822480262836015,-0.00690925,-0.873571,-0.486647,0.0679584,-0.99932,0.0236628,-0.0282889,0.133548,0.0362278,0.486121,-0.873141,0.475286,0,0,0,1
132822480264836055,0.0329753,-0.866087,-0.498805,0.0625434,-0.988734,0.0446396,-0.142873,0.118973,0.146007,0.497897,-0.854857,0.466114,0,0,0,1
132822480266836097,0.0251637,-0.888072,-0.459014,0.068486,-0.983494,0.060308,-0.170596,0.115261,0.179184,0.45573,-0.871896,0.463985,0,0,0,1
132822480268836140,0.018646,-0.898013,-0.439574,0.0741771,-0.983479,0.0627038,-0.169816,0.116315,0.18006,0.435478,-0.882007,0.467906,0,0,0,1
132822480270836182,0.00459456,-0.908823,-0.417157,0.0815265,-0.98687,0.0632311,-0.148624,0.120192,0.16145,0.412363,-0.896599,0.473761,0,0,0,1
132822480272836224,-0.00311303,-0.915256,-0.40286,0.0874607,-0.989589,0.0607868,-0.130454,0.12319,0.143887,0.39826,-0.905917,0.479361,0,0,0,1
132822480274836268,-0.0206722,-0.925934,-0.377119,0.0962365,-0.992236,0.0652711,-0.10587,0.127173,0.122644,0.372002,-0.920094,0.476511,0,0,0,1
132822480276836310,-0.0397723,-0.939269,-0.340871,0.109635,-0.993437,0.0737837,-0.0873992,0.128321,0.107242,0.335158,-0.936039,0.475593,0,0,0,1
132822480278836351,-0.0628349,-0.956775,-0.283958,0.124155,-0.991643,0.0919743,-0.0904665,0.126616,0.112673,0.275901,-0.954559,0.471124,0,0,0,1
132822480280836394,-0.0740778,-0.976242,-0.203626,0.134829,-0.990407,0.0959027,-0.0994803,0.124635,0.116645,0.194303,-0.973981,0.463501,0,0,0,1
132822480282836437,-0.0659094,-0.983938,-0.1659,0.137519,-0.989343,0.086073,-0.117441,0.12224,0.129834,0.156391,-0.979124,0.451749,0,0,0,1
132822480284836480,-0.0628972,-0.989319,-0.131499,0.136013,-0.988918,0.0795341,-0.125358,0.122033,0.134478,0.122157,-0.983358,0.429648,0,0,0,1
132822480286836521,-0.062814,-0.995393,-0.0724343,0.123477,-0.989476,0.0715909,-0.12575,0.120597,0.130356,0.0637731,-0.989414,0.390809,0,0,0,1
132822480288836564,-0.0235134,-0.999722,0.00149907,0.0939919,-0.992532,0.0231649,-0.119762,0.124178,0.119694,-0.00430391,-0.992801,0.345003,0,0,0,1
132822480290836607,-0.00887358,-0.999822,0.0166215,0.0606173,-0.994493,0.00708818,-0.104561,0.129867,0.104425,-0.0174579,-0.994379,0.301309,0,0,0,1
132822480292836648,-0.00792587,-0.999948,0.00640242,0.0244138,-0.994277,0.00719875,-0.106585,0.128906,0.106533,-0.00721057,-0.994283,0.266313,0,0,0,1
132822480294836691,0.00875634,-0.998563,-0.0528631,-0.0171118,-0.995239,-0.00357068,-0.0974032,0.122487,0.0970745,0.0534643,-0.99384,0.258261,0,0,0,1
132822480296836733,0.0115392,-0.996891,-0.0779426,-0.0348853,-0.994616,-0.00341487,-0.103575,0.120792,0.102987,0.0787181,-0.991563,0.268779,0,0,0,1
132822480298836775,0.015339,-0.997414,-0.0702146,-0.0345409,-0.996436,-0.00942266,-0.08383,0.123425,0.0829516,0.0712502,-0.994003,0.279363,0,0,0,1
132822480300836816,0.0106273,-0.995717,-0.0918459,-0.0338174,-0.997823,-0.00458109,-0.0657909,0.124272,0.0650884,0.0923451,-0.993597,0.286443,0,0,0,1
132822480302836859,0.0362467,-0.98095,-0.19085,-0.047385,-0.998045,-0.0258032,-0.0569243,0.123602,0.0509153,0.192541,-0.979967,0.29647,0,0,0,1
132822480304836901,0.0154217,-0.984278,-0.175954,-0.0379901,-0.998268,-0.00516427,-0.0586056,0.123758,0.0567755,0.176553,-0.982652,0.296973,0,0,0,1
132822480306836943,-0.0345607,-0.997978,-0.0533416,-0.0145505,-0.996173,0.0386873,-0.07838,0.122352,0.0802852,0.0504286,-0.995496,0.288129,0,0,0,1
132822480308836984,-0.0633395,-0.997802,0.0194711,-0.00220847,-0.993801,0.0612751,-0.0927619,0.120748,0.091365,-0.0252259,-0.995498,0.282448,0,0,0,1
132822480310837026,-0.065478,-0.997292,0.0334825,-0.000558257,-0.993212,0.0619035,-0.0984758,0.119242,0.0961365,-0.0397032,-0.994576,0.279562,0,0,0,1
132822480312837068,-0.0717041,-0.996185,0.0497423,0.00191396,-0.993094,0.0666612,-0.0965416,0.119261,0.0928574,-0.0563212,-0.994085,0.276774,0,0,0,1
132822480314837110,-0.0714502,-0.994321,0.0788656,0.00410986,-0.994231,0.064656,-0.0855808,0.120515,0.0799957,-0.0845254,-0.993205,0.27323,0,0,0,1
132822480316837151,-0.0669922,-0.992738,0.0999112,0.00310379,-0.995663,0.0600381,-0.071061,0.122287,0.0645466,-0.104238,-0.992455,0.270331,0,0,0,1
132822480318837194,-0.0553414,-0.991244,0.119885,0.000677764,-0.997492,0.0495802,-0.050519,0.124432,0.0441327,-0.122381,-0.991502,0.267956,0,0,0,1
132822480320837236,-0.0515316,-0.989837,0.132545,-0.00122452,-0.998073,0.0464526,-0.0411319,0.125451,0.0345568,-0.134409,-0.990323,0.264175,0,0,0,1
132822480322837277,-0.0509065,-0.99,0.131561,-0.00485307,-0.998012,0.0455278,-0.0435778,0.125993,0.0371523,-0.133518,-0.990349,0.259833,0,0,0,1
132822480324837320,-0.0456791,-0.991273,0.123659,-0.0087232,-0.998134,0.0402693,-0.0459019,0.125654,0.0405216,-0.125525,-0.991262,0.251735,0,0,0,1
132822480326837362,-0.0444089,-0.992086,0.117444,-0.0104364,-0.99805,0.038897,-0.0488143,0.125192,0.0438598,-0.119382,-0.991879,0.246008,0,0,0,1
132822480328837404,-0.0421451,-0.993289,0.107704,-0.0115874,-0.997918,0.0365829,-0.0531112,0.124612,0.0488147,-0.109719,-0.992763,0.240725,0,0,0,1
132822480330837445,-0.0386566,-0.996669,0.0718038,-0.0140682,-0.997735,0.0345392,-0.057725,0.123688,0.0550527,-0.0738726,-0.995747,0.23728,0,0,0,1
132822480332837488,-0.0371363,-0.999306,0.00297215,-0.0192527,-0.997724,0.0369095,-0.0564336,0.123486,0.0562847,-0.00506111,-0.998402,0.239466,0,0,0,1
132822480334837529,-0.0406344,-0.996485,-0.0732545,-0.0249666,-0.998147,0.0438073,-0.0422441,0.125352,0.0453047,0.0714021,-0.996418,0.247174,0,0,0,1
132822480336837572,-0.0531222,-0.993827,-0.0973986,-0.0242599,-0.997733,0.0568584,-0.035993,0.126575,0.0413087,0.0952658,-0.994594,0.253008,0,0,0,1
132822480338837613,-0.0564389,-0.994509,-0.0881263,-0.022207,-0.997646,0.0596197,-0.0338887,0.126783,0.0389567,0.0860062,-0.995533,0.257579,0,0,0,1
132822480340837655,-0.0559961,-0.994629,-0.0870461,-0.0213246,-0.997511,0.0594742,-0.0378861,0.1265,0.0428596,0.0847079,-0.995483,0.257016,0,0,0,1
132822480342837697,-0.0553651,-0.99477,-0.085835,-0.0215054,-0.997385,0.0591,-0.0415939,0.126074,0.0464492,0.0833077,-0.99544,0.257726,0,0,0,1
132822480344837739,-0.0510942,-0.994758,-0.0885822,-0.0228586,-0.997542,0.0550922,-0.0432901,0.125704,0.0479433,0.0861526,-0.995128,0.259043,0,0,0,1
132822480346837780,-0.0474157,-0.994337,-0.0951131,-0.0242859,-0.99764,0.0518756,-0.0449803,0.125315,0.0496596,0.0927559,-0.99445,0.26005,0,0,0,1
132822480348837823,-0.0441328,-0.994278,-0.0972788,-0.0250518,-0.997567,0.0491183,-0.0494688,0.124426,0.0539639,0.094859,-0.994027,0.260939,0,0,0,1
132822480350837864,-0.0412122,-0.994536,-0.0959157,-0.0256401,-0.997662,0.046199,-0.0503683,0.124037,0.0545243,0.0936157,-0.994115,0.26146,0,0,0,1
132822480352837907,-0.034708,-0.996207,-0.0797921,-0.0254777,-0.997897,0.0389181,-0.0518274,0.123539,0.0547362,0.0778255,-0.995463,0.261481,0,0,0,1
132822480354837949,-0.0239354,-0.997907,-0.0600732,-0.0256504,-0.997808,0.0275549,-0.0601595,0.122217,0.0616889,0.0585016,-0.996379,0.261011,0,0,0,1
132822480356837991,-0.00630343,-0.999165,-0.0403591,-0.0275381,-0.996557,0.0096131,-0.0823513,0.118773,0.0826705,0.0397011,-0.995786,0.261068,0,0,0,1
132822480358838032,0.0089922,-0.999727,-0.0215916,-0.0305133,-0.991659,-0.0061394,-0.128741,0.111811,0.128573,0.0225692,-0.991443,0.260041,0,0,0,1
132822480360838074,0.013258,-0.999413,-0.031593,-0.0346937,-0.990476,-0.00879598,-0.137409,0.11028,0.13705,0.0331139,-0.990011,0.263885,0,0,0,1
132822480362838116,0.0147745,-0.999378,-0.0320105,-0.0369506,-0.989902,-0.0101057,-0.14139,0.109319,0.140979,0.0337762,-0.989436,0.268256,0,0,0,1
132822480364838158,0.0121487,-0.999519,-0.02855,-0.0383415,-0.98732,-0.00747108,-0.158569,0.106656,0.158279,0.0301144,-0.986935,0.270704,0,0,0,1
132822480366838200,0.00593591,-0.999734,-0.0222989,-0.0399413,-0.982206,-0.00164294,-0.187801,0.102108,0.187715,0.0230169,-0.981954,0.271971,0,0,0,1
132822480368838241,-0.00129867,-0.99993,-0.0117253,-0.0412467,-0.978304,0.00369972,-0.207142,0.0990019,0.20717,0.0112019,-0.97824,0.272747,0,0,0,1
132822480370838284,-0.00685239,-0.999957,-0.0062194,-0.0432656,-0.975679,0.00804842,-0.219059,0.0966868,0.2191,0.00456706,-0.975692,0.273727,0,0,0,1
132822480372838327,-0.00986135,-0.999948,-0.0025401,-0.0448196,-0.975037,0.010179,-0.221811,0.0957206,0.221825,0.000289351,-0.975086,0.275207,0,0,0,1
132822480374838368,-0.0131704,-0.999913,0.000940122,-0.0465161,-0.974468,0.0126246,-0.224169,0.094555,0.224138,-0.00386851,-0.97455,0.276632,0,0,0,1
132822480376838410,-0.0124511,-0.999883,-0.00890873,-0.0507158,-0.985322,0.0137858,-0.17015,0.101948,0.170253,0.00665941,-0.985378,0.279278,0,0,0,1
132822480378838452,-0.0401541,-0.995345,-0.08761,-0.0573014,-0.99887,0.0422162,-0.0218102,0.121674,0.0254073,0.0866353,-0.995916,0.292615,0,0,0,1
132822480380838494,-0.0376959,-0.994899,-0.0935714,-0.0570915,-0.999277,0.0370758,0.00835773,0.12483,-0.00484587,0.0938188,-0.995578,0.294603,0,0,0,1
132822480382838535,-0.0534979,-0.995798,-0.0743317,-0.051425,-0.998562,0.0536079,0.000515308,0.124293,0.00347162,0.0742524,-0.997234,0.290494,0,0,0,1
132822480384838577,-0.0641249,-0.997941,0.00137214,-0.0415701,-0.997932,0.064118,-0.00452293,0.124644,0.00442564,-0.00165934,-0.999989,0.282734,0,0,0,1
132822480386838619,-0.0716264,-0.991832,0.105541,-0.0294463,-0.99742,0.0707206,-0.0123022,0.12443,0.00473779,-0.10615,-0.994339,0.274004,0,0,0,1
132822480388838662,-0.0681226,-0.982503,0.173341,-0.0229602,-0.997674,0.06669,-0.0140825,0.124639,0.002276,-0.173897,-0.984761,0.267927,0,0,0,1
132822480390838703,-0.0655534,-0.975405,0.210448,-0.0174268,-0.997846,0.0635391,-0.0163273,0.124814,0.00255402,-0.211065,-0.977468,0.262705,0,0,0,1
132822480392838745,-0.0679977,-0.972374,0.223304,-0.0123351,-0.997605,0.0634155,-0.0276356,0.123532,0.0127113,-0.224648,-0.974357,0.25846,0,0,0,1
132822480394838788,-0.0688463,-0.971874,0.225215,-0.00898206,-0.997478,0.0631561,-0.0323818,0.123143,0.0172473,-0.226876,-0.973771,0.25647,0,0,0,1
132822480396838829,-0.0666176,-0.974201,0.215625,-0.00839931,-0.997637,0.0613945,-0.0308379,0.123194,0.0168041,-0.21717,-0.975989,0.255442,0,0,0,1
132822480398838871,-0.0654275,-0.972775,0.222322,-0.0061419,-0.997741,0.060379,-0.0294373,0.123312,0.0152123,-0.223746,-0.974529,0.255208,0,0,0,1
132822480400838913,-0.0744165,-0.964501,0.253377,0.00137872,-0.997,0.0665303,-0.0395652,0.122098,0.0213035,-0.255561,-0.966558,0.257148,0,0,0,1
132822480402838954,-0.0821412,-0.953127,0.291206,0.00765288,-0.996084,0.0689294,-0.0553598,0.121262,0.0326923,-0.294613,-0.955057,0.259782,0,0,0,1
132822480404838997,-0.0678054,-0.959928,0.27192,0.00200665,-0.997425,0.0588355,-0.0410161,0.122404,0.023374,-0.274001,-0.961445,0.262623,0,0,0,1
132822480406839039,-0.0648267,-0.962274,0.264248,0.00131017,-0.997567,0.0556808,-0.0419621,0.121866,0.0256654,-0.266326,-0.963542,0.264301,0,0,0,1
132822480408839081,-0.0643811,-0.962377,0.26398,0.00231731,-0.997549,0.0548025,-0.0434983,0.122995,0.0273951,-0.266133,-0.963547,0.267039,0,0,0,1
132822480410839123,-0.059437,-0.961733,0.267464,8.19564e-05,-0.997749,0.0489074,-0.0458673,0.120478,0.0310311,-0.269589,-0.962475,0.26662,0,0,0,1
132822480412839165,-0.060323,-0.961022,0.26981,0.000916064,-0.997603,0.048861,-0.0490051,0.119967,0.0339118,-0.272119,-0.961666,0.269996,0,0,0,1
132822480414839207,-0.0494689,-0.964879,0.257993,-0.00353384,-0.998118,0.0383893,-0.047811,0.119454,0.0362277,-0.259873,-0.964963,0.269882,0,0,0,1
132822480416839249,-0.0515091,-0.964481,0.259082,-0.00365376,-0.997867,0.0392851,-0.0521444,0.118645,0.0401142,-0.261215,-0.964447,0.269331,0,0,0,1
132822480418839290,-0.0519477,-0.964411,0.259253,-0.00422245,-0.997908,0.0401226,-0.0507006,0.118654,0.0384944,-0.261344,-0.964478,0.269991,0,0,0,1
132822480420839332,-0.0467256,-0.968316,0.245319,-0.00777519,-0.998055,0.0351086,-0.0515179,0.118498,0.0412728,-0.247249,-0.968073,0.268488,0,0,0,1
132822480422839374,-0.0339569,-0.981098,0.190508,-0.0166381,-0.99872,0.026159,-0.0432986,0.119395,0.0374967,-0.191734,-0.98073,0.26691,0,0,0,1
132822480424839416,-0.0371606,-0.989792,0.137592,-0.0188965,-0.998542,0.0313842,-0.0439169,0.119296,0.0391504,-0.139024,-0.989515,0.263037,0,0,0,1
132822480426839457,-0.0407021,-0.996422,0.0740685,-0.0213646,-0.998722,0.0383499,-0.0329148,0.121116,0.0299565,-0.0753135,-0.996709,0.255002,0,0,0,1
132822480428839500,-0.0491728,-0.998718,0.011986,-0.0225415,-0.998771,0.0490926,-0.00688329,0.124248,0.00628605,-0.0123098,-0.999905,0.244149,0,0,0,1
132822480430839541,-0.0555085,-0.998158,-0.02449,-0.0211965,-0.998424,0.0552879,0.00959182,0.12514,-0.00822015,0.0249839,-0.999654,0.235848,0,0,0,1
132822480432839582,-0.051421,-0.998369,-0.0247967,-0.0169591,-0.998317,0.0520535,-0.0255817,0.121281,0.0268308,0.0234395,-0.999365,0.227009,0,0,0,1
132822480434839624,-0.0446197,-0.998783,-0.0210112,-0.0142335,-0.996531,0.0459783,-0.0693724,0.117135,0.0702541,0.017843,-0.99737,0.218178,0,0,0,1
132822480436839666,-0.0404012,-0.998526,-0.0362331,-0.015515,-0.99497,0.0435313,-0.0902254,0.114661,0.0916697,0.0324056,-0.995262,0.211111,0,0,0,1
132822480438839708,-0.0430119,-0.998551,-0.0323427,-0.0147896,-0.995856,0.0454472,-0.0787689,0.11676,0.0801247,0.0288207,-0.996368,0.210294,0,0,0,1
132822480440839750,-0.0452324,-0.998527,-0.02996,-0.0154813,-0.996353,0.0472656,-0.0710455,0.117596,0.0723569,0.0266371,-0.997023,0.210825,0,0,0,1
132822480442839791,-0.0480458,-0.998821,-0.00700233,-0.0158592,-0.997288,0.0483608,-0.0554744,0.119629,0.0557477,0.00431804,-0.998436,0.213791,0,0,0,1
132822480444839833,-0.0474621,-0.998709,0.0181131,-0.0175136,-0.998006,0.0466579,-0.0425036,0.121874,0.0416037,-0.0200943,-0.998932,0.222773,0,0,0,1
132822480446839874,-0.0521936,-0.99851,0.0159292,-0.019619,-0.997193,0.0512538,-0.0545906,0.120494,0.0536928,-0.0187338,-0.998382,0.230314,0,0,0,1
132822480448839916,-0.0507754,-0.998485,0.0212151,-0.0209717,-0.997516,0.0496651,-0.0499444,0.121067,0.0488151,-0.0236983,-0.998527,0.237398,0,0,0,1
132822480450839958,-0.043535,-0.99893,0.0155738,-0.0241972,-0.998021,0.0427769,-0.0460868,0.121283,0.0453713,-0.0175494,-0.998816,0.241977,0,0,0,1
132822480452839999,-0.0398164,-0.998979,0.0213406,-0.02468,-0.998489,0.0389696,-0.0387325,0.122502,0.0378613,-0.0228506,-0.999022,0.246304,0,0,0,1
132822480454840041,-0.0433701,-0.998514,0.0329978,-0.0230139,-0.998412,0.04213,-0.0373982,0.123242,0.0359524,-0.0345673,-0.998755,0.24905,0,0,0,1
132822480456840083,-0.0384717,-0.998991,0.0231761,-0.0263017,-0.998341,0.0374317,-0.0437514,0.122017,0.0428397,-0.0248208,-0.998774,0.24979,0,0,0,1
132822480458840125,-0.0432637,-0.998707,0.0266927,-0.024209,-0.997996,0.0419673,-0.0473571,0.121325,0.0461756,-0.028688,-0.998521,0.251063,0,0,0,1
132822480460840166,-0.0459492,-0.99852,0.0290855,-0.021426,-0.99782,0.0444977,-0.0487282,0.120837,0.0473619,-0.0312612,-0.998388,0.251905,0,0,0,1
132822480462840208,-0.0482239,-0.998519,0.0252035,-0.0187838,-0.997375,0.0467734,-0.0552758,0.12023,0.0540151,-0.0278029,-0.998153,0.251584,0,0,0,1
132822480464840250,-0.0455849,-0.998793,0.0182974,-0.0171772,-0.997256,0.0444303,-0.0592122,0.119613,0.0583278,-0.0209464,-0.998077,0.250033,0,0,0,1
132822480466840291,-0.0541824,-0.99801,0.0322543,-0.010987,-0.99625,0.0518482,-0.0692673,0.119003,0.0674572,-0.0358865,-0.997077,0.248074,0,0,0,1
132822480468840334,-0.0552102,-0.99751,0.0438798,-0.0104275,-0.996157,0.0520366,-0.070446,0.119081,0.0679872,-0.0476005,-0.99655,0.249262,0,0,0,1
132822480470840375,-0.0507618,-0.998049,0.0363523,-0.0145916,-0.996461,0.048172,-0.0688876,0.119526,0.067002,-0.0397205,-0.996962,0.249774,0,0,0,1
132822480472840416,-0.047945,-0.998381,0.0306085,-0.0178398,-0.996272,0.0455991,-0.0732253,0.119036,0.071711,-0.0340053,-0.996845,0.24897,0,0,0,1
132822480474840458,-0.0491188,-0.998439,0.0265774,-0.0199546,-0.996426,0.0471538,-0.070089,0.119708,0.0687264,-0.0299251,-0.997187,0.248818,0,0,0,1
132822480476840501,-0.0450852,-0.998722,0.0228503,-0.0217029,-0.996534,0.043362,-0.0709943,0.119,0.0699127,-0.0259719,-0.997215,0.246902,0,0,0,1
